90
4.853000	140112.898679	1395876685.345681	996251.379074
45
3.983000	557835.992026	1395881871.427834	250231.589819
30
3.726000	1245813.634712	1395853121.041976	112043.493678
20
3.624000	2683034.336550	1396047459.717698	52032.411240
10
3.533000	11147290.406298	1396612423.834544	12528.716602
5
3.778000	41774321.433017	1398362912.968073	3347.422208
4
3.765000	63070178.982011	1398256164.994063	2216.984615
3
3.895000	115348190.574979	1400245079.914991	1213.928951
2
3.815000	259163147.515930	1401004743.651826	540.587949
1
3.547000	1038387298.492587	1407042131.771305	135.502633
1/2
6.130000	1034971407.062934	1401004743.651826	135.366517
1/5
23.990000	1034977680.455402	1398362912.968073	135.110441
1/10
88.489000	1033409556.186264	1396612423.834544	135.146072
